0	224.7074
1	224.65399
2	223.14908
3	220.5349
4	216.84189
5	212.35953
6	207.25293
7	201.61734
8	195.66658
9	189.52112
10	183.21136
11	176.814
12	170.37083
13	163.85318
14	157.15561
15	150.47824
16	144.02644
17	137.86382
18	131.93854
19	126.29384
20	120.8902
21	115.74023
22	110.83469
23	106.15433
24	101.71455
25	97.47274
26	93.44222
27	89.59553
28	85.9603
29	82.49038
30	79.21
31	76.08385
32	73.12257
33	70.30546
34	67.63169
35	65.09142
36	62.67604
37	60.38327
38	58.19961
39	56.12787
40	54.15167
41	52.27726
42	50.48671
43	48.78846
44	47.16406
45	45.62308
46	44.14746
47	42.74696
48	41.40466
49	40.12974
50	38.90699
51	37.74156
52	36.63124
53	35.5649
54	34.54988
55	33.57496
56	32.64562
57	31.75298
58	30.90074
59	30.08221
60	29.29948
61	28.54784
62	27.82785
63	27.13665
64	26.47346
65	25.83692
66	25.2252
67	24.63819
68	24.07324
69	23.53112
70	23.00873
71	22.5074
72	22.02381
73	21.55958
74	21.11142
75	20.68097
76	20.2652
77	19.86557
78	19.47948
79	19.10799
80	18.74913
81	18.40337
82	18.06951
83	17.74732
84	17.43645
85	17.13595
86	16.84619
87	16.56572
88	16.29537
89	16.0334
90	15.78093
91	15.53608
92	15.30012
93	15.07109
94	14.85039
95	14.6361
96	14.42942
97	14.22886
98	14.03526
99	13.84732
100	13.66588
101	13.4898
102	13.3193
103	13.15459
104	12.99456
105	12.84
106	12.68987
107	12.54478
108	12.45298
109	12.31586
110	12.18216
111	12.05204
112	11.92516
113	11.8016
114	11.68117
115	11.56382
116	11.44948
117	11.33801
118	11.22944
119	11.12354
120	11.02042
121	10.9198
122	10.82184
123	10.72622
124	10.63314
125	10.54228
126	10.45384
127	10.3675
128	10.28344
129	10.20141
130	10.12151
131	10.04357
132	9.96763
133	9.8936
134	9.82141
135	9.7511
136	9.68246
137	9.61563
138	9.55025
139	9.48655
140	9.42415
141	9.3631
142	9.30322
143	9.24438
144	9.18652
145	9.12939
146	9.07298
147	9.01705
148	8.96153
149	8.90623
150	8.85103
151	8.79567
152	8.73996
153	8.68383
154	8.62714
155	8.5698
156	8.51172
157	8.45283
158	8.39308
159	8.33238
160	8.27073
161	8.2079
162	8.14391
163	8.07868
164	8.01232
165	7.9448
166	7.87624
167	7.80664
168	7.73612
169	7.66471
170	7.59251
171	7.51966
172	7.44606
173	7.37194
174	7.29739
175	7.22278
176	7.1482
177	7.07375
178	6.99949
179	6.92546
180	6.85172
181	6.7783
182	6.70529
183	6.63272
184	6.56068
185	6.48923
186	6.41844
187	6.34853
188	6.27967
189	6.21197
190	6.14545
191	6.08018
192	6.01616
193	5.95347
194	5.89211
195	5.8322
196	5.77374
197	5.71684
198	5.66153
199	5.60784
200	5.55584
201	5.50554
202	5.45718
203	5.41061
204	5.36606
205	5.32326
206	5.28252
207	5.24351
208	5.20661
209	5.17146
210	5.13847
211	5.10725
212	5.07821
213	5.05092
214	5.02575
215	5.00227
216	4.98082
217	4.96104
218	4.94323
219	4.92708
220	4.9129
221	4.90043
222	4.88984
223	4.88124
224	4.87429
225	4.86929
226	4.8659
227	4.86438
228	4.86443
229	4.86624
230	4.86959
231	4.87459
232	4.88108
233	4.8891
234	4.89851
235	4.90931
236	4.92137
237	4.93464
238	4.94903
239	4.96445
240	4.98085
241	4.99813
242	5.01624
243	5.03509
244	5.05464
245	5.07476
246	5.09537
247	5.11635
248	5.1376
249	5.159
250	5.18046
251	5.20189
252	5.22322
253	5.24436
254	5.26526
255	5.28584
256	5.30604
257	5.32572
258	5.34488
259	5.36328
260	5.38095
261	5.39772
262	5.41351
263	5.42828
264	5.44185
265	5.45433
266	5.46545
267	5.47538
268	5.48385
269	5.49113
270	5.49695
271	5.50151
272	5.50465
273	5.50649
274	5.50693
275	5.50601
276	5.50372
277	5.50004
278	5.495
279	5.48855
280	5.4808
281	5.47172
282	5.46143
283	5.44992
284	5.43734
285	5.42365
286	5.40902
287	5.39347
288	5.37715
289	5.36011
290	5.34249
291	5.32437
292	5.30595
293	5.28756
294	5.26959
295	5.25209
296	5.23529
297	5.21918
298	5.2039
299	5.18941
300	5.17586
301	5.16327
302	5.15174
303	5.14131
304	5.13205
305	5.12404
306	5.11735
307	5.11245
308	5.10935
309	5.10824
310	5.10888
311	5.11147
312	5.11583
313	5.12253
314	5.13133
315	5.14247
316	5.15557
317	5.17076
318	5.18778
319	5.2072
320	5.22889
321	5.25302
322	5.27949
323	5.30835
324	5.33953
325	5.37298
326	5.40878
327	5.4468
328	5.48721
329	5.52992
330	5.57535
331	5.62342
332	5.67415
333	5.72703
334	5.78235
335	5.84006
336	5.90031
337	5.96293
338	6.02746
339	6.09319
340	6.15926
341	6.22473
342	6.28815
343	6.34762
344	6.39988
345	6.44406
346	6.47714
347	6.5001
348	6.51269
349	6.51755
350	6.51532
351	6.50699
352	6.49255
353	6.47269
354	6.44834
355	6.42046
356	6.38992
357	6.3574
358	6.32377
359	6.28954
360	6.25502
361	6.22033
362	6.18565
363	6.15096
364	6.11599
365	6.08047
366	6.04452
367	6.00844
368	5.97248
369	5.93682
370	5.90176
371	5.86792
372	5.83601
373	5.80671
374	5.78074
375	5.75782
376	5.73838
377	5.7217
378	5.70816
379	5.69706
380	5.68815
381	5.68077
382	5.67439
383	5.6688
384	5.66343
385	5.65784
386	5.6519
387	5.64534
388	5.63806
389	5.62978
390	5.62065
391	5.61054
392	5.59952
393	5.58761
394	5.57487
395	5.56133
396	5.54691
397	5.53162
398	5.51521
399	5.4977
400	5.47902
401	5.45973
402	5.4404
403	5.42159
404	5.40377
405	5.38676
406	5.37048
407	5.35456
408	5.33894
409	5.32352
410	5.30839
411	5.2936
412	5.27923
413	5.26531
414	5.25181
415	5.23885
416	5.22635
417	5.21433
418	5.20268
419	5.19134
420	5.18018
421	5.16911
422	5.15803
423	5.14689
424	5.13561
425	5.12418
426	5.11253
427	5.10062
428	5.08837
429	5.07576
430	5.06268
431	5.04911
432	5.03495
433	5.02022
434	5.0048
435	4.98873
436	4.97192
437	4.95432
438	4.93566
439	4.91601
440	4.89536
441	4.87373
442	4.85116
443	4.82763
444	4.80327
445	4.77799
446	4.75194
447	4.72501
448	4.69737
449	4.66893
450	4.63984
451	4.61002
452	4.57961
453	4.54856
454	4.517
455	4.48486
456	4.45231
457	4.41932
458	4.38588
459	4.35214
460	4.31808
461	4.28383
462	4.24919
463	4.21409
464	4.1787
465	4.14301
466	4.10714
467	4.07121
468	4.03533
469	3.99961
470	3.96416
471	3.92905
472	3.8944
473	3.86026
474	3.82672
475	3.79381
476	3.76162
477	3.73013
478	3.69943
479	3.66946
480	3.64031
481	3.6119
482	3.5843
483	3.5574
484	3.53129
485	3.50584
486	3.48114
487	3.45708
488	3.43372
489	3.41099
490	3.38891
491	3.36743
492	3.34656
493	3.32627
494	3.30654
495	3.28741
496	3.26888
497	3.2511
498	3.23394
499	3.21751
500	3.20169
501	3.18653
502	3.17199
503	3.15805
504	3.14474
505	3.13198
506	3.11986
507	3.10826
508	3.09728
509	3.0868
510	3.07692
511	3.06753
512	3.05871
513	3.05039
514	3.04261
515	3.03533
516	3.02856
517	3.02229
518	3.01652
519	3.01124
520	3.00645
521	3.00215
522	2.99832
523	2.99498
524	2.99211
525	2.98972
526	2.98779
527	2.98634
528	2.98536
529	2.98484
530	2.98479
531	2.98519
532	2.98475
533	2.98613
534	2.9875
535	2.9893
536	2.99162
537	2.99436
538	2.99762
539	3.00131
540	3.00551
541	3.01017
542	3.01533
543	3.02096
544	3.02711
545	3.03372
546	3.04086
547	3.04848
548	3.05663
549	3.06528
550	3.07447
551	3.08417
552	3.09444
553	3.10522
554	3.11657
555	3.12847
556	3.14096
557	3.15399
558	3.16766
559	3.18188
560	3.19676
561	3.2122
562	3.22834
563	3.24507
564	3.26252
565	3.28058
566	3.29939
567	3.31884
568	3.33907
569	3.35998
570	3.3817
571	3.40414
572	3.42742
573	3.45145
574	3.47637
575	3.50209
576	3.52874
577	3.55623
578	3.58471
579	3.61406
580	3.64446
581	3.6758
582	3.70818
583	3.7417
584	3.7762
585	3.81193
586	3.84874
587	3.88683
588	3.92607
589	3.96666
590	4.00851
591	4.05176
592	4.09637
593	4.14246
594	4.19003
595	4.23915
596	4.28989
597	4.34226
598	4.39638
599	4.45222
600	4.50998
601	4.56955
602	4.6312
603	4.69479
604	4.76063
605	4.82854
606	4.89889
607	4.97146
608	5.04667
609	5.12427
610	5.20472
611	5.28778
612	5.37387
613	5.46285
614	5.55505
615	5.65045
616	5.74925
617	5.85165
618	5.95757
619	6.0676
620	6.18128
621	6.2996
622	6.42194
623	6.54906
624	6.68086
625	6.81762
626	6.95974
627	7.10699
628	7.26016
629	7.41967
630	7.58483
631	7.75717
632	7.93585
633	8.12222
634	8.31576
635	8.51758
636	8.72749
637	8.94634
638	9.1743
639	9.41199
640	9.65988
641	9.9184
642	10.18836
643	10.46994
644	10.76436
645	11.07154
646	11.39311
647	11.72875
648	12.08051
649	12.44784
650	12.83318
651	13.23588
652	13.65762
653	14.10139
654	14.56431
655	15.05229
656	15.56187
657	16.09928
658	16.66114
659	17.25385
660	17.87433
661	18.52896
662	19.21522
663	19.93923
664	20.6993
665	21.50108
666	22.34394
667	23.2329
668	24.16856
669	25.1552
670	26.19473
671	27.2907
672	28.44622
673	29.66429
674	30.94896
675	32.30293
676	33.73071
677	35.23525
678	36.82068
679	38.49097
680	40.24859
681	42.09973
682	44.04337
683	46.08936
684	48.23121
685	50.48331
686	52.83298
687	55.29773
688	57.85951
689	60.53651
690	63.30637
691	66.18527
692	69.1476
693	72.20435
694	75.32811
695	78.52105
696	81.75577
697	85.02229
698	88.31456
699	91.76521
700	95.41663
701	99.58246
702	104.35126
703	109.45396
704	114.66401
705	119.97365
706	125.3781
707	130.99245
708	137.01042
709	143.40836
710	150.31392
711	166.04306
712	174.73656
713	183.70052
714	192.66171
715	201.16164
716	208.74626
717	215.08147
718	219.98827
719	223.19514
720	224.7074